F:\python_data\yolo3/VOCdevkit/VOC2007/JPEGImages/1.jpg 2770,872,3010,1108,0 3366,1936,3718,2292,0 4034,1952,4374,2300,0 3550,2344,3906,2740,0 1294,1940,1610,2280,0 1734,2460,2102,2848,0 1294,2784,1670,3176,0 1410,3300,1782,3716,0 1762,1080,2014,1336,0 3378,1084,3626,1336,0 682,2220,1034,2544,0 1338,556,1590,820,0
F:\python_data\yolo3/VOCdevkit/VOC2007/JPEGImages/10.jpg 55,91,145,179,0 189,152,270,229,0 95,236,178,316,0 274,316,359,396,0 330,432,399,512,0
F:\python_data\yolo3/VOCdevkit/VOC2007/JPEGImages/100.jpg 73,31,189,148,0 187,62,307,189,0
F:\python_data\yolo3/VOCdevkit/VOC2007/JPEGImages/102.jpg 1162,495,2040,1311,0 1123,1275,1976,1992,0 1981,1125,2687,1842,0
F:\python_data\yolo3/VOCdevkit/VOC2007/JPEGImages/103.jpg 189,115,283,200,0 368,220,464,316,0 274,238,363,331,0 374,132,467,215,0 366,41,453,127,0 1,31,83,130,0 187,21,269,105,0 2,130,87,223,0
F:\python_data\yolo3/VOCdevkit/VOC2007/JPEGImages/104.jpg 182,116,214,149,0 255,153,293,191,0 284,90,320,121,0 298,52,336,89,0
F:\python_data\yolo3/VOCdevkit/VOC2007/JPEGImages/105.jpg 179,162,223,214,0 239,21,285,66,0 235,84,281,126,0 56,215,96,262,0 93,184,138,238,0 131,213,177,264,0 93,238,138,290,0
F:\python_data\yolo3/VOCdevkit/VOC2007/JPEGImages/107.jpg 223,359,512,659,0 538,263,837,559,0
F:\python_data\yolo3/VOCdevkit/VOC2007/JPEGImages/108.jpg 222,202,359,333,0 343,276,483,425,0 118,232,224,369,0
F:\python_data\yolo3/VOCdevkit/VOC2007/JPEGImages/109.jpg 286,108,425,236,0 59,365,201,506,0 494,345,649,499,0 346,361,486,504,0 208,363,342,511,0 202,223,336,357,0 361,227,487,357,0
F:\python_data\yolo3/VOCdevkit/VOC2007/JPEGImages/11.jpg 185,76,237,131,0 13,46,67,100,0 56,112,110,169,0 122,86,183,151,0 24,171,84,230,0
F:\python_data\yolo3/VOCdevkit/VOC2007/JPEGImages/110.jpg 625,191,728,276,0 747,229,855,329,0 445,259,527,345,0 629,265,725,356,0 229,289,325,389,0
F:\python_data\yolo3/VOCdevkit/VOC2007/JPEGImages/112.jpg 297,424,602,728,0 810,207,1102,518,0 907,533,1191,832,0 615,652,840,925,0
F:\python_data\yolo3/VOCdevkit/VOC2007/JPEGImages/113.jpg 88,142,187,242,0 456,116,548,220,0
F:\python_data\yolo3/VOCdevkit/VOC2007/JPEGImages/114.jpg 261,120,438,301,0 325,282,507,458,0 77,131,251,294,0
F:\python_data\yolo3/VOCdevkit/VOC2007/JPEGImages/115.jpg 192,129,313,261,0 530,195,636,310,0 125,275,250,409,0
F:\python_data\yolo3/VOCdevkit/VOC2007/JPEGImages/116.jpg 476,291,827,649,0 1,194,312,481,0
F:\python_data\yolo3/VOCdevkit/VOC2007/JPEGImages/118.jpg 237,184,375,336,0 356,65,505,221,0 64,168,187,303,0
F:\python_data\yolo3/VOCdevkit/VOC2007/JPEGImages/120.jpg 381,184,634,436,0 637,253,868,504,0
F:\python_data\yolo3/VOCdevkit/VOC2007/JPEGImages/121.jpg 235,65,327,159,0 359,78,445,168,0 185,4,266,84,0 337,167,422,243,0
F:\python_data\yolo3/VOCdevkit/VOC2007/JPEGImages/122.jpg 122,29,203,110,0 242,171,328,259,0 61,187,150,271,0 10,106,88,191,0 100,110,182,188,0 155,177,233,257,0 137,258,214,346,0 223,267,305,339,0 195,106,272,184,0
F:\python_data\yolo3/VOCdevkit/VOC2007/JPEGImages/123.jpg 542,123,742,320,0 524,382,711,561,0 141,565,330,744,0
F:\python_data\yolo3/VOCdevkit/VOC2007/JPEGImages/124.jpg 234,138,317,229,0 294,68,371,154,0
F:\python_data\yolo3/VOCdevkit/VOC2007/JPEGImages/125.jpg 112,69,189,150,0 378,674,450,745,0 627,561,693,623,0 424,614,485,679,0
F:\python_data\yolo3/VOCdevkit/VOC2007/JPEGImages/126.jpg 297,346,338,388,0 260,217,302,258,0 329,195,374,239,0 428,124,472,167,0 260,158,305,206,0 130,61,176,106,0
F:\python_data\yolo3/VOCdevkit/VOC2007/JPEGImages/127.jpg 504,61,931,505,0
F:\python_data\yolo3/VOCdevkit/VOC2007/JPEGImages/128.jpg 458,379,532,461,0 668,212,723,267,0 692,162,747,219,0 411,424,476,500,0
F:\python_data\yolo3/VOCdevkit/VOC2007/JPEGImages/129.jpg 659,817,1043,1228,0 1016,711,1347,1028,0 1197,443,1559,815,0
F:\python_data\yolo3/VOCdevkit/VOC2007/JPEGImages/13.jpg 158,131,180,152,0 282,152,304,172,0 235,21,258,43,0 63,7,84,27,0 140,86,160,106,0 262,208,283,231,0 70,221,91,243,0
F:\python_data\yolo3/VOCdevkit/VOC2007/JPEGImages/131.jpg 492,66,711,289,0 453,330,661,541,0 772,308,981,528,0 82,267,265,443,0
F:\python_data\yolo3/VOCdevkit/VOC2007/JPEGImages/133.jpg 203,173,253,220,0 153,198,194,237,0 288,206,334,250,0 301,264,347,312,0 485,233,531,278,0 451,326,506,377,0 210,313,252,358,0
F:\python_data\yolo3/VOCdevkit/VOC2007/JPEGImages/134.jpg 27,188,543,687,0
F:\python_data\yolo3/VOCdevkit/VOC2007/JPEGImages/135.jpg 257,52,355,164,0 312,230,417,334,0 651,358,766,469,0 757,454,874,568,0 433,563,519,657,0
F:\python_data\yolo3/VOCdevkit/VOC2007/JPEGImages/137.jpg 173,24,336,188,0 516,97,625,210,0 2,319,154,491,0 464,258,581,377,0 127,231,281,369,0
F:\python_data\yolo3/VOCdevkit/VOC2007/JPEGImages/138.jpg 122,43,177,111,0 184,16,256,92,0 238,171,310,247,0 370,218,438,285,0 409,56,483,130,0 168,204,232,276,0
F:\python_data\yolo3/VOCdevkit/VOC2007/JPEGImages/14.jpg 1037,481,2290,1692,0
F:\python_data\yolo3/VOCdevkit/VOC2007/JPEGImages/140.jpg 308,302,432,440,0 400,185,535,326,0 527,334,650,473,0 399,413,525,536,0 203,395,326,528,0 302,551,440,682,0
F:\python_data\yolo3/VOCdevkit/VOC2007/JPEGImages/141.jpg 110,66,472,416,0
F:\python_data\yolo3/VOCdevkit/VOC2007/JPEGImages/142.jpg 126,282,195,356,0 524,358,582,411,0 464,286,529,353,0 322,413,392,475,0 207,294,281,369,0 311,305,376,375,0 428,352,487,416,0
F:\python_data\yolo3/VOCdevkit/VOC2007/JPEGImages/143.jpg 202,119,549,476,0
F:\python_data\yolo3/VOCdevkit/VOC2007/JPEGImages/144.jpg 187,305,232,354,0 262,301,307,342,0 439,358,479,400,0 513,437,551,479,0 339,529,388,580,0 102,496,154,542,0 168,37,210,92,0
F:\python_data\yolo3/VOCdevkit/VOC2007/JPEGImages/145.jpg 434,906,633,1098,0 665,827,855,1020,0 430,767,617,922,0 59,530,252,727,0 41,898,228,1082,0
F:\python_data\yolo3/VOCdevkit/VOC2007/JPEGImages/146.jpg 186,187,294,302,0 256,76,361,181,0 371,93,473,201,0 310,196,414,302,0
F:\python_data\yolo3/VOCdevkit/VOC2007/JPEGImages/147.jpg 483,364,553,435,0 341,932,415,1005,0 655,968,737,1058,0 35,227,117,321,0 112,196,190,293,0
F:\python_data\yolo3/VOCdevkit/VOC2007/JPEGImages/148.jpg 740,130,1005,396,0 1059,185,1311,430,0 934,638,1259,930,0 1013,919,1296,1169,0 714,398,963,635,0 403,851,651,1133,0 953,428,1224,658,0 1490,638,1717,862,0 1387,991,1619,1235,0
F:\python_data\yolo3/VOCdevkit/VOC2007/JPEGImages/149.jpg 208,318,428,568,0 411,170,665,413,0 420,494,697,753,0 230,656,473,920,0 170,929,405,1189,0
F:\python_data\yolo3/VOCdevkit/VOC2007/JPEGImages/15.jpg 305,283,395,365,0 264,193,349,279,0 356,215,427,292,0
F:\python_data\yolo3/VOCdevkit/VOC2007/JPEGImages/150.jpg 283,148,365,230,0 193,222,274,300,0 277,231,344,290,0 208,97,284,177,0 102,288,161,353,0
F:\python_data\yolo3/VOCdevkit/VOC2007/JPEGImages/16.jpg 208,340,391,532,0 234,123,361,250,0 55,196,164,309,0 151,226,267,339,0 27,321,134,443,0 372,323,530,510,0 515,302,627,443,0
F:\python_data\yolo3/VOCdevkit/VOC2007/JPEGImages/17.jpg 256,139,384,257,0 99,111,228,236,0 41,246,158,369,0 220,301,345,417,0 329,243,445,352,0
F:\python_data\yolo3/VOCdevkit/VOC2007/JPEGImages/18.jpg 224,200,283,267,0 300,23,353,78,0 117,233,172,298,0 67,269,119,325,0 115,299,169,363,0 295,100,353,165,0
F:\python_data\yolo3/VOCdevkit/VOC2007/JPEGImages/19.jpg 219,205,358,331,0 345,272,485,420,0 225,323,338,433,0 114,237,228,367,0
F:\python_data\yolo3/VOCdevkit/VOC2007/JPEGImages/2.jpg 178,33,382,179,0 340,113,496,224,0
F:\python_data\yolo3/VOCdevkit/VOC2007/JPEGImages/20.jpg 214,267,310,363,0 323,258,427,371,0 425,339,531,440,0 312,371,411,460,0 198,367,301,454,0
F:\python_data\yolo3/VOCdevkit/VOC2007/JPEGImages/21.jpg 272,164,376,281,0 424,443,576,579,0 41,362,164,492,0 319,408,443,545,0
F:\python_data\yolo3/VOCdevkit/VOC2007/JPEGImages/22.jpg 167,252,388,480,0 350,373,525,554,0 61,391,258,571,0
F:\python_data\yolo3/VOCdevkit/VOC2007/JPEGImages/24.jpg 243,22,341,117,0 259,120,360,209,0 212,203,321,305,0 389,175,477,277,0 49,167,137,253,0 164,18,247,105,0
F:\python_data\yolo3/VOCdevkit/VOC2007/JPEGImages/25.jpg 393,244,440,297,0 651,121,699,168,0 180,122,229,175,0 744,245,793,296,0 232,241,278,287,0
F:\python_data\yolo3/VOCdevkit/VOC2007/JPEGImages/28.jpg 644,308,924,554,0 417,186,648,407,0 476,425,643,604,0
F:\python_data\yolo3/VOCdevkit/VOC2007/JPEGImages/29.jpg 247,129,278,164,0 279,257,311,286,0 446,66,477,96,0
F:\python_data\yolo3/VOCdevkit/VOC2007/JPEGImages/3.jpg 249,8,539,294,0 430,272,704,554,0 159,283,420,554,0
F:\python_data\yolo3/VOCdevkit/VOC2007/JPEGImages/30.jpg 650,616,1059,1013,0 2390,1189,2871,1656,0 1611,1059,1983,1416,0
F:\python_data\yolo3/VOCdevkit/VOC2007/JPEGImages/31.jpg 472,193,631,354,0 322,251,480,413,0 134,235,297,399,0 305,434,457,596,0
F:\python_data\yolo3/VOCdevkit/VOC2007/JPEGImages/32.jpg 476,810,1034,1383,0 209,1283,705,1746,0 713,1354,1252,1902,0
F:\python_data\yolo3/VOCdevkit/VOC2007/JPEGImages/33.jpg 260,222,307,273,0 393,236,440,281,0 313,262,358,310,0 346,210,388,254,0 268,301,315,346,0
F:\python_data\yolo3/VOCdevkit/VOC2007/JPEGImages/34.jpg 342,525,386,577,0 188,307,229,356,0 442,360,478,399,0 515,436,552,474,0 103,494,150,543,0 167,41,208,87,0 754,513,797,554,0
F:\python_data\yolo3/VOCdevkit/VOC2007/JPEGImages/35.jpg 318,148,446,271,0
F:\python_data\yolo3/VOCdevkit/VOC2007/JPEGImages/38.jpg 364,312,501,442,0 458,419,577,551,0
F:\python_data\yolo3/VOCdevkit/VOC2007/JPEGImages/4.jpg 283,166,401,290,0 297,291,413,400,0
F:\python_data\yolo3/VOCdevkit/VOC2007/JPEGImages/40.jpg 355,156,501,305,0
F:\python_data\yolo3/VOCdevkit/VOC2007/JPEGImages/41.jpg 327,215,374,268,0 304,342,350,393,0 496,259,552,314,0
F:\python_data\yolo3/VOCdevkit/VOC2007/JPEGImages/42.jpg 544,260,761,498,0 799,255,1031,480,0 684,477,908,675,0
F:\python_data\yolo3/VOCdevkit/VOC2007/JPEGImages/43.jpg 293,382,415,500,0 392,455,522,598,0 553,391,688,522,0 722,466,857,608,0 584,520,717,636,0 823,321,929,409,0 492,191,577,291,0 501,80,598,182,0 268,149,376,258,0 384,248,492,357,0 152,422,285,557,0 181,553,300,695,0
F:\python_data\yolo3/VOCdevkit/VOC2007/JPEGImages/44.jpg 305,278,395,366,0 265,187,349,279,0
F:\python_data\yolo3/VOCdevkit/VOC2007/JPEGImages/45.jpg 273,411,352,490,0 503,438,581,512,0 519,517,599,595,0 682,282,752,354,0
F:\python_data\yolo3/VOCdevkit/VOC2007/JPEGImages/46.jpg 439,448,535,552,0 628,370,741,480,0 344,482,438,588,0
F:\python_data\yolo3/VOCdevkit/VOC2007/JPEGImages/48.jpg 244,190,351,287,0 206,67,319,182,0 167,293,266,386,0 279,295,378,388,0 265,392,359,485,0 153,389,252,482,0
F:\python_data\yolo3/VOCdevkit/VOC2007/JPEGImages/49.jpg 200,123,558,479,0
F:\python_data\yolo3/VOCdevkit/VOC2007/JPEGImages/5.jpg 127,192,328,399,0
F:\python_data\yolo3/VOCdevkit/VOC2007/JPEGImages/51.jpg 90,85,160,150,0 303,350,369,415,0 515,239,572,293,0 427,93,471,138,0
F:\python_data\yolo3/VOCdevkit/VOC2007/JPEGImages/53.jpg 297,425,436,541,0 579,367,720,480,0 767,47,907,145,0 763,183,901,295,0
F:\python_data\yolo3/VOCdevkit/VOC2007/JPEGImages/54.jpg 642,188,774,334,0 780,225,933,370,0 589,443,738,587,0 478,537,614,677,0
F:\python_data\yolo3/VOCdevkit/VOC2007/JPEGImages/56.jpg 2,75,179,248,0 181,5,351,184,0 307,101,500,276,0 126,202,335,400,0
F:\python_data\yolo3/VOCdevkit/VOC2007/JPEGImages/57.jpg 70,73,211,220,0 198,95,317,219,0
F:\python_data\yolo3/VOCdevkit/VOC2007/JPEGImages/58.jpg 2,1,109,94,0 95,147,168,229,0 292,229,363,298,0
F:\python_data\yolo3/VOCdevkit/VOC2007/JPEGImages/6.jpg 466,232,624,389,0 405,127,542,239,0 331,20,457,139,0 194,68,330,208,0 331,281,474,435,0 596,409,734,546,0 421,400,578,555,0 250,437,406,572,0 104,404,253,538,0 138,265,278,384,0
F:\python_data\yolo3/VOCdevkit/VOC2007/JPEGImages/60.jpg 314,274,942,880,0 1263,320,1892,974,0 840,495,1330,1045,0 90,945,501,1345,0
F:\python_data\yolo3/VOCdevkit/VOC2007/JPEGImages/61.jpg 160,179,241,264,0 39,208,113,283,0 282,98,353,171,0 335,43,408,117,0 285,1,361,74,0
F:\python_data\yolo3/VOCdevkit/VOC2007/JPEGImages/62.jpg 204,489,264,553,0 726,491,800,548,0 179,871,258,949,0 810,931,891,1007,0 724,819,791,880,0 359,428,416,481,0 342,764,398,823,0 256,220,304,276,0 699,207,752,264,0 596,455,652,505,0
F:\python_data\yolo3/VOCdevkit/VOC2007/JPEGImages/64.jpg 127,194,329,403,0
F:\python_data\yolo3/VOCdevkit/VOC2007/JPEGImages/65.jpg 204,287,550,634,0 527,286,802,588,0
F:\python_data\yolo3/VOCdevkit/VOC2007/JPEGImages/66.jpg 275,405,354,495,0 509,439,579,510,0 522,521,600,601,0 674,281,751,356,0 704,454,769,521,0
F:\python_data\yolo3/VOCdevkit/VOC2007/JPEGImages/67.jpg 198,236,259,294,0 216,323,286,390,0 245,425,310,491,0 309,446,375,519,0 81,240,144,300,0
F:\python_data\yolo3/VOCdevkit/VOC2007/JPEGImages/68.jpg 246,508,388,647,0 420,500,547,637,0 537,542,667,691,0 808,591,977,765,0
F:\python_data\yolo3/VOCdevkit/VOC2007/JPEGImages/69.jpg 63,86,77,105,0 86,98,105,118,0
F:\python_data\yolo3/VOCdevkit/VOC2007/JPEGImages/7.jpg 326,218,375,265,0 305,339,351,393,0
F:\python_data\yolo3/VOCdevkit/VOC2007/JPEGImages/70.jpg 295,140,343,196,0 355,134,402,187,0 404,119,452,170,0 213,175,258,226,0
F:\python_data\yolo3/VOCdevkit/VOC2007/JPEGImages/71.jpg 172,241,380,482,0 337,376,521,559,0
F:\python_data\yolo3/VOCdevkit/VOC2007/JPEGImages/72.jpg 235,62,325,162,0 353,79,441,156,0 182,7,267,85,0 283,301,372,395,0
F:\python_data\yolo3/VOCdevkit/VOC2007/JPEGImages/73.jpg 195,130,350,281,0 365,167,503,312,0 66,120,195,251,0
F:\python_data\yolo3/VOCdevkit/VOC2007/JPEGImages/74.jpg 307,286,383,377,0 95,190,174,272,0
F:\python_data\yolo3/VOCdevkit/VOC2007/JPEGImages/75.jpg 285,425,545,671,0 762,277,1014,498,0 27,408,262,637,0
F:\python_data\yolo3/VOCdevkit/VOC2007/JPEGImages/76.jpg 229,164,640,592,0
F:\python_data\yolo3/VOCdevkit/VOC2007/JPEGImages/78.jpg 380,551,675,799,0
F:\python_data\yolo3/VOCdevkit/VOC2007/JPEGImages/79.jpg 240,466,337,582,0 515,472,583,535,0 206,675,299,774,0
F:\python_data\yolo3/VOCdevkit/VOC2007/JPEGImages/81.jpg 93,237,178,317,0 190,147,270,232,0 55,92,141,181,0 262,409,336,490,0
F:\python_data\yolo3/VOCdevkit/VOC2007/JPEGImages/82.jpg 208,127,318,246,0 100,174,199,282,0
F:\python_data\yolo3/VOCdevkit/VOC2007/JPEGImages/84.jpg 588,432,933,832,0 216,720,537,1043,0
F:\python_data\yolo3/VOCdevkit/VOC2007/JPEGImages/85.jpg 176,399,277,514,0 528,350,632,456,0 620,337,737,448,0 405,555,518,677,0
F:\python_data\yolo3/VOCdevkit/VOC2007/JPEGImages/86.jpg 71,120,170,216,0 157,185,242,277,0 241,136,324,224,0 428,219,522,314,0
F:\python_data\yolo3/VOCdevkit/VOC2007/JPEGImages/87.jpg 1856,1432,2018,1598,0 2211,1530,2375,1689,0 1100,1622,1261,1787,0 941,1514,1080,1663,0 1235,1300,1391,1448,0 1734,2582,1926,2799,0
F:\python_data\yolo3/VOCdevkit/VOC2007/JPEGImages/88.jpg 190,76,410,301,0
F:\python_data\yolo3/VOCdevkit/VOC2007/JPEGImages/89.jpg 253,236,369,365,0
F:\python_data\yolo3/VOCdevkit/VOC2007/JPEGImages/90.jpg 142,133,275,273,0 287,131,422,256,0 220,7,336,119,0
F:\python_data\yolo3/VOCdevkit/VOC2007/JPEGImages/92.jpg 237,31,258,53,0
F:\python_data\yolo3/VOCdevkit/VOC2007/JPEGImages/95.jpg 362,187,531,357,0 329,422,476,593,0 507,387,670,575,0
F:\python_data\yolo3/VOCdevkit/VOC2007/JPEGImages/97.jpg 249,4,536,306,0 424,274,714,549,0
F:\python_data\yolo3/VOCdevkit/VOC2007/JPEGImages/99.jpg 243,91,293,148,0 430,161,482,218,0 521,121,580,177,0 297,331,355,386,0
